Image,Age,Gender,Race,Emotion
happy_-_PrivateTest_10077120.jpg,31,Woman,white,happy
happy_-_PrivateTest_10470092.jpg,25,Man,black,happy
happy_-_PrivateTest_10513598.jpg,35,Man,black,happy
happy_-_PrivateTest_10516065.jpg,24,Man,white,fear
happy_-_PrivateTest_10613684.jpg,31,Woman,latino hispanic,happy
